(42, 5)
(50, -5)
(2, 10)
(142, 15)
(-42, -5)
(462, 105)
(4, 500)
(-42, 5)
(42, 99)
(42, 100)
(100, 100)


255 0 0
256 0 0
-2 0 0
0 0 0

0 255 0
0 256 0
0 -2 0
0 0 0


(10,10) (90,20)  255 150 0
(-10,10) (90,-20)  256 150 0
(10,-10) (-90,20)  255 150 -6
(12,12)  (80,10)  0 -15 255

(15,50) (15,90) (40,80)  0 140 20
(-25,60)  (25,-100)  (40,80)  140 -20 0
(90,60)   0 0 255  (90,90)   0 255 0  (40, 80)  255 0 0
90,60)  0 0 256  (90,90)  -2 255 0  (40,80)  255 0 0

(50,50)  25   235 230 0
(-50,50)  25   235 230 0
(-70,70)  25  235 -230 0
(70,70)  -25  235 -230 0
(70,70)  125  235 230 0
(70,-70)  25  235 230 0
(70,70)  25  256 230 0
(70,70)  25  235 230 256


(20,20) (40,40)  80 30 200
(-20,20) (40,-40)  80 30 200
(45,20) (85,49)  220 5 5   180 51 255   180 15 255     220 5 5
(10,10)  (20,20)  -80 30 200
(10,10)  (20,20)  80 30 256
(45,20)  (85,49)  220 -5 5     180 51 -255     256 15 255     5 225 0







