R (0,0) (100,100) 56 44 200
T (0,0) (10,0) (50,50) 255 255 255
T (0,0) (0,10) (50,50) 255 255 255
T (0,0) (5,0) (50,50) 200 0 5
T (0,0) (0,5) (50,50) 200 0 5
T (99,0) (89,0) (50,50) 255 255 255
T (99,0) (99,10) (50,50) 255 255 255
T (99,0) (94,0) (50,50) 200 0 5
T (99,0) (99,5) (50,50) 200 0 5

T (0,99) (0,89) (50,50) 255 255 255
T (0,99) (10,99) (50,50) 255 255 255
T (0,99) (5,99) (50,50) 200 0 5
T (0,99) (0,94) (50,50) 200 0 5

T (99,99) (89,99) (50,50) 255 255 255
T (99,99) (99,89) (50,50) 255 255 255
T (99,99) (94,99) (50,50) 200 0 5
T (99,99) (99,94) (50,50) 200 0 5

R (30,0) (70,99) 255 255 255  255 255 255  255 255 255  255 255 255
R (0,30) (99,70) 255 255 255  255 255 255  255 255 255  255 255 255
R (40,0) (60,99) 200 0 5
R (0,40) (99,60) 200 0 5

L (5,42) (5,47) 0 0 0
L (5,42) (7,42) 0 0 0
L (5,47) (7,47) 0 0 0

L (9,42) (9,47) 0 0 0
L (9,42) (12,42) 0 0 0
L (9,44) (12,44) 0 0 0
L (12,42) (12,44) 0 0 0
L (10,44) (13,47) 0 0 0

L (15,42) (15,47) 0 0 0

L (17, 42) (19, 42) 0 0 0
L (17, 42) (17, 44) 0 0 0
L (17, 44) (19, 44) 0 0 0
L (19,44) (19,46) 0 0 0
L (17, 47) (19, 47) 0 0 0

L (21,42) (21,47) 0 0 0
L (21,42) (24,42) 0 0 0
L (21,44) (24,44) 0 0 0
L (24,42) (24,44) 0 0 0

L (26, 42) (28, 42) 0 0 0
L (26, 42) (26, 44) 0 0 0
L (26, 44) (28, 44) 0 0 0
L (28,44) (28,46) 0 0 0
L (26, 47) (28, 47) 0 0 0

L (35,42) (35,47) 0 0 0
L (35,42) (39,47) 0 0 0
L (39,42) (39,47) 0 0 0


C (44, 45) 3 0 0 0
C (44, 45) 2 200 0 5

L (48,42) (52,42) 0 0 0
L (50,42) (50,47) 0 0 0

L (58,42) (58,47) 0 0 0
L (58,42) (61,42) 0 0 0
L (58,47) (61,47) 0 0 0

L (63,42) (63,47) 0 0 0
L (63,44) (66,44) 0 0 0
L (67,42) (67,47) 0 0 0

L (69,42) (69,47) 0 0 0

L (71,42) (71,47) 0 0 0
L (71,42) (75,42) 0 0 0
L (71,44) (75,44) 0 0 0
L (75,42) (75,44) 0 0 0

L (77, 42) (80, 42) 0 0 0
L (77, 42) (77, 44) 0 0 0
L (77, 44) (80, 44) 0 0 0
L (80,44) (80,46) 0 0 0
L (77, 47) (80, 47) 0 0 0

L (82,42) (82,44) 0 0 0
L (82,46) (82,47) 0 0 0

L (35,49) (82,49) 0 0 0









